%YAML:1.0
---
# Camera matrix
camera_matrix: !!opencv-matrix
   rows: 3
   cols: 3
   dt: d
   data: [ 707.3971830976152, 0.0, 333.56710661958016,
           0.0, 707.0569461378235, 297.10650304972165,
           0.0, 0.0, 1.0 ]
# Distortion coefficients
dist_coeff: !!opencv-matrix
   rows: 1
   cols: 5
   dt: d
   data: [ -0.3142772602037515, -0.5420181570624898, 0.00022750546663199883, -0.0016463091626021012, 1.7814725394212727 ]

